Time: 0
Waiting clients: (7,2,2) (11,4,1) (17,4,6) (22,4,6) (8,6,1) (18,6,5) (23,6,2) (9,7,1) (50,8,4) (12,9,4) (25,9,6) (31,11,2) (48,11,6) (20,12,1) (21,12,3) (19,15,1) (47,15,4) (10,16,5) (39,16,2) (43,16,5) (13,18,2) (28,19,5) (6,20,4) (16,21,2) (26,21,4) (34,23,3) (1,24,1) (24,24,1) (49,24,5) (2,26,2) (35,26,2) (32,27,1) (33,27,4) (36,27,4) (38,27,2) (42,27,2) (5,29,3) (44,29,2) (29,32,5) (14,33,2) (40,33,1) (3,35,2) (30,35,1) (46,35,2) (27,36,1) (41,36,6) (37,37,2) (4,38,6) (15,38,3) (45,39,2) 
Queue 1: closed
Queue 2: closed
Queue 3: closed
Queue 4: closed
Queue 5: closed
Time: 1
Waiting clients: (7,2,2) (11,4,1) (17,4,6) (22,4,6) (8,6,1) (18,6,5) (23,6,2) (9,7,1) (50,8,4) (12,9,4) (25,9,6) (31,11,2) (48,11,6) (20,12,1) (21,12,3) (19,15,1) (47,15,4) (10,16,5) (39,16,2) (43,16,5) (13,18,2) (28,19,5) (6,20,4) (16,21,2) (26,21,4) (34,23,3) (1,24,1) (24,24,1) (49,24,5) (2,26,2) (35,26,2) (32,27,1) (33,27,4) (36,27,4) (38,27,2) (42,27,2) (5,29,3) (44,29,2) (29,32,5) (14,33,2) (40,33,1) (3,35,2) (30,35,1) (46,35,2) (27,36,1) (41,36,6) (37,37,2) (4,38,6) (15,38,3) (45,39,2) 
Queue 1: closed
Queue 2: closed
Queue 3: closed
Queue 4: closed
Queue 5: closed
Time: 2
Waiting clients: (11,4,1) (17,4,6) (22,4,6) (8,6,1) (18,6,5) (23,6,2) (9,7,1) (50,8,4) (12,9,4) (25,9,6) (31,11,2) (48,11,6) (20,12,1) (21,12,3) (19,15,1) (47,15,4) (10,16,5) (39,16,2) (43,16,5) (13,18,2) (28,19,5) (6,20,4) (16,21,2) (26,21,4) (34,23,3) (1,24,1) (24,24,1) (49,24,5) (2,26,2) (35,26,2) (32,27,1) (33,27,4) (36,27,4) (38,27,2) (42,27,2) (5,29,3) (44,29,2) (29,32,5) (14,33,2) (40,33,1) (3,35,2) (30,35,1) (46,35,2) (27,36,1) (41,36,6) (37,37,2) (4,38,6) (15,38,3) (45,39,2) 
Queue 1: closed
Queue 2: closed
Queue 3: closed
Queue 4: closed
Queue 5: (7,2,2) 
Time: 3
Waiting clients: (11,4,1) (17,4,6) (22,4,6) (8,6,1) (18,6,5) (23,6,2) (9,7,1) (50,8,4) (12,9,4) (25,9,6) (31,11,2) (48,11,6) (20,12,1) (21,12,3) (19,15,1) (47,15,4) (10,16,5) (39,16,2) (43,16,5) (13,18,2) (28,19,5) (6,20,4) (16,21,2) (26,21,4) (34,23,3) (1,24,1) (24,24,1) (49,24,5) (2,26,2) (35,26,2) (32,27,1) (33,27,4) (36,27,4) (38,27,2) (42,27,2) (5,29,3) (44,29,2) (29,32,5) (14,33,2) (40,33,1) (3,35,2) (30,35,1) (46,35,2) (27,36,1) (41,36,6) (37,37,2) (4,38,6) (15,38,3) (45,39,2) 
Queue 1: closed
Queue 2: closed
Queue 3: closed
Queue 4: closed
Queue 5: (7,2,1) 
Time: 4
Waiting clients: (8,6,1) (18,6,5) (23,6,2) (9,7,1) (50,8,4) (12,9,4) (25,9,6) (31,11,2) (48,11,6) (20,12,1) (21,12,3) (19,15,1) (47,15,4) (10,16,5) (39,16,2) (43,16,5) (13,18,2) (28,19,5) (6,20,4) (16,21,2) (26,21,4) (34,23,3) (1,24,1) (24,24,1) (49,24,5) (2,26,2) (35,26,2) (32,27,1) (33,27,4) (36,27,4) (38,27,2) (42,27,2) (5,29,3) (44,29,2) (29,32,5) (14,33,2) (40,33,1) (3,35,2) (30,35,1) (46,35,2) (27,36,1) (41,36,6) (37,37,2) (4,38,6) (15,38,3) (45,39,2) 
Queue 1: closed
Queue 2: (22,4,6) 
Queue 3: (17,4,6) 
Queue 4: (11,4,1) 
Queue 5: closed
Time: 5
Waiting clients: (8,6,1) (18,6,5) (23,6,2) (9,7,1) (50,8,4) (12,9,4) (25,9,6) (31,11,2) (48,11,6) (20,12,1) (21,12,3) (19,15,1) (47,15,4) (10,16,5) (39,16,2) (43,16,5) (13,18,2) (28,19,5) (6,20,4) (16,21,2) (26,21,4) (34,23,3) (1,24,1) (24,24,1) (49,24,5) (2,26,2) (35,26,2) (32,27,1) (33,27,4) (36,27,4) (38,27,2) (42,27,2) (5,29,3) (44,29,2) (29,32,5) (14,33,2) (40,33,1) (3,35,2) (30,35,1) (46,35,2) (27,36,1) (41,36,6) (37,37,2) (4,38,6) (15,38,3) (45,39,2) 
Queue 1: closed
Queue 2: (22,4,5) 
Queue 3: (17,4,5) 
Queue 4: closed
Queue 5: closed
Time: 6
Waiting clients: (9,7,1) (50,8,4) (12,9,4) (25,9,6) (31,11,2) (48,11,6) (20,12,1) (21,12,3) (19,15,1) (47,15,4) (10,16,5) (39,16,2) (43,16,5) (13,18,2) (28,19,5) (6,20,4) (16,21,2) (26,21,4) (34,23,3) (1,24,1) (24,24,1) (49,24,5) (2,26,2) (35,26,2) (32,27,1) (33,27,4) (36,27,4) (38,27,2) (42,27,2) (5,29,3) (44,29,2) (29,32,5) (14,33,2) (40,33,1) (3,35,2) (30,35,1) (46,35,2) (27,36,1) (41,36,6) (37,37,2) (4,38,6) (15,38,3) (45,39,2) 
Queue 1: (8,6,1) 
Queue 2: (22,4,4) 
Queue 3: (17,4,4) 
Queue 4: (23,6,2) 
Queue 5: (18,6,5) 
Time: 7
Waiting clients: (50,8,4) (12,9,4) (25,9,6) (31,11,2) (48,11,6) (20,12,1) (21,12,3) (19,15,1) (47,15,4) (10,16,5) (39,16,2) (43,16,5) (13,18,2) (28,19,5) (6,20,4) (16,21,2) (26,21,4) (34,23,3) (1,24,1) (24,24,1) (49,24,5) (2,26,2) (35,26,2) (32,27,1) (33,27,4) (36,27,4) (38,27,2) (42,27,2) (5,29,3) (44,29,2) (29,32,5) (14,33,2) (40,33,1) (3,35,2) (30,35,1) (46,35,2) (27,36,1) (41,36,6) (37,37,2) (4,38,6) (15,38,3) (45,39,2) 
Queue 1: (9,7,1) 
Queue 2: (22,4,3) 
Queue 3: (17,4,3) 
Queue 4: (23,6,1) 
Queue 5: (18,6,4) 
Time: 8
Waiting clients: (12,9,4) (25,9,6) (31,11,2) (48,11,6) (20,12,1) (21,12,3) (19,15,1) (47,15,4) (10,16,5) (39,16,2) (43,16,5) (13,18,2) (28,19,5) (6,20,4) (16,21,2) (26,21,4) (34,23,3) (1,24,1) (24,24,1) (49,24,5) (2,26,2) (35,26,2) (32,27,1) (33,27,4) (36,27,4) (38,27,2) (42,27,2) (5,29,3) (44,29,2) (29,32,5) (14,33,2) (40,33,1) (3,35,2) (30,35,1) (46,35,2) (27,36,1) (41,36,6) (37,37,2) (4,38,6) (15,38,3) (45,39,2) 
Queue 1: closed
Queue 2: (22,4,2) 
Queue 3: (17,4,2) 
Queue 4: (50,8,4) 
Queue 5: (18,6,3) 
Time: 9
Waiting clients: (31,11,2) (48,11,6) (20,12,1) (21,12,3) (19,15,1) (47,15,4) (10,16,5) (39,16,2) (43,16,5) (13,18,2) (28,19,5) (6,20,4) (16,21,2) (26,21,4) (34,23,3) (1,24,1) (24,24,1) (49,24,5) (2,26,2) (35,26,2) (32,27,1) (33,27,4) (36,27,4) (38,27,2) (42,27,2) (5,29,3) (44,29,2) (29,32,5) (14,33,2) (40,33,1) (3,35,2) (30,35,1) (46,35,2) (27,36,1) (41,36,6) (37,37,2) (4,38,6) (15,38,3) (45,39,2) 
Queue 1: closed
Queue 2: (22,4,1) (25,9,6) 
Queue 3: (17,4,1) (12,9,4) 
Queue 4: (50,8,3) 
Queue 5: (18,6,2) 
Time: 10
Waiting clients: (31,11,2) (48,11,6) (20,12,1) (21,12,3) (19,15,1) (47,15,4) (10,16,5) (39,16,2) (43,16,5) (13,18,2) (28,19,5) (6,20,4) (16,21,2) (26,21,4) (34,23,3) (1,24,1) (24,24,1) (49,24,5) (2,26,2) (35,26,2) (32,27,1) (33,27,4) (36,27,4) (38,27,2) (42,27,2) (5,29,3) (44,29,2) (29,32,5) (14,33,2) (40,33,1) (3,35,2) (30,35,1) (46,35,2) (27,36,1) (41,36,6) (37,37,2) (4,38,6) (15,38,3) (45,39,2) 
Queue 1: closed
Queue 2: (25,9,6) 
Queue 3: (12,9,4) 
Queue 4: (50,8,2) 
Queue 5: (18,6,1) 
Time: 11
Waiting clients: (20,12,1) (21,12,3) (19,15,1) (47,15,4) (10,16,5) (39,16,2) (43,16,5) (13,18,2) (28,19,5) (6,20,4) (16,21,2) (26,21,4) (34,23,3) (1,24,1) (24,24,1) (49,24,5) (2,26,2) (35,26,2) (32,27,1) (33,27,4) (36,27,4) (38,27,2) (42,27,2) (5,29,3) (44,29,2) (29,32,5) (14,33,2) (40,33,1) (3,35,2) (30,35,1) (46,35,2) (27,36,1) (41,36,6) (37,37,2) (4,38,6) (15,38,3) (45,39,2) 
Queue 1: (48,11,6) 
Queue 2: (25,9,5) 
Queue 3: (12,9,3) 
Queue 4: (50,8,1) 
Queue 5: (31,11,2) 
Time: 12
Waiting clients: (19,15,1) (47,15,4) (10,16,5) (39,16,2) (43,16,5) (13,18,2) (28,19,5) (6,20,4) (16,21,2) (26,21,4) (34,23,3) (1,24,1) (24,24,1) (49,24,5) (2,26,2) (35,26,2) (32,27,1) (33,27,4) (36,27,4) (38,27,2) (42,27,2) (5,29,3) (44,29,2) (29,32,5) (14,33,2) (40,33,1) (3,35,2) (30,35,1) (46,35,2) (27,36,1) (41,36,6) (37,37,2) (4,38,6) (15,38,3) (45,39,2) 
Queue 1: (48,11,5) 
Queue 2: (25,9,4) 
Queue 3: (12,9,2) 
Queue 4: (20,12,1) 
Queue 5: (31,11,1) (21,12,3) 
Time: 13
Waiting clients: (19,15,1) (47,15,4) (10,16,5) (39,16,2) (43,16,5) (13,18,2) (28,19,5) (6,20,4) (16,21,2) (26,21,4) (34,23,3) (1,24,1) (24,24,1) (49,24,5) (2,26,2) (35,26,2) (32,27,1) (33,27,4) (36,27,4) (38,27,2) (42,27,2) (5,29,3) (44,29,2) (29,32,5) (14,33,2) (40,33,1) (3,35,2) (30,35,1) (46,35,2) (27,36,1) (41,36,6) (37,37,2) (4,38,6) (15,38,3) (45,39,2) 
Queue 1: (48,11,4) 
Queue 2: (25,9,3) 
Queue 3: (12,9,1) 
Queue 4: closed
Queue 5: (21,12,3) 
Time: 14
Waiting clients: (19,15,1) (47,15,4) (10,16,5) (39,16,2) (43,16,5) (13,18,2) (28,19,5) (6,20,4) (16,21,2) (26,21,4) (34,23,3) (1,24,1) (24,24,1) (49,24,5) (2,26,2) (35,26,2) (32,27,1) (33,27,4) (36,27,4) (38,27,2) (42,27,2) (5,29,3) (44,29,2) (29,32,5) (14,33,2) (40,33,1) (3,35,2) (30,35,1) (46,35,2) (27,36,1) (41,36,6) (37,37,2) (4,38,6) (15,38,3) (45,39,2) 
Queue 1: (48,11,3) 
Queue 2: (25,9,2) 
Queue 3: closed
Queue 4: closed
Queue 5: (21,12,2) 
Time: 15
Waiting clients: (10,16,5) (39,16,2) (43,16,5) (13,18,2) (28,19,5) (6,20,4) (16,21,2) (26,21,4) (34,23,3) (1,24,1) (24,24,1) (49,24,5) (2,26,2) (35,26,2) (32,27,1) (33,27,4) (36,27,4) (38,27,2) (42,27,2) (5,29,3) (44,29,2) (29,32,5) (14,33,2) (40,33,1) (3,35,2) (30,35,1) (46,35,2) (27,36,1) (41,36,6) (37,37,2) (4,38,6) (15,38,3) (45,39,2) 
Queue 1: (48,11,2) 
Queue 2: (25,9,1) 
Queue 3: (19,15,1) (47,15,4) 
Queue 4: closed
Queue 5: (21,12,1) 
Time: 16
Waiting clients: (13,18,2) (28,19,5) (6,20,4) (16,21,2) (26,21,4) (34,23,3) (1,24,1) (24,24,1) (49,24,5) (2,26,2) (35,26,2) (32,27,1) (33,27,4) (36,27,4) (38,27,2) (42,27,2) (5,29,3) (44,29,2) (29,32,5) (14,33,2) (40,33,1) (3,35,2) (30,35,1) (46,35,2) (27,36,1) (41,36,6) (37,37,2) (4,38,6) (15,38,3) (45,39,2) 
Queue 1: (48,11,1) 
Queue 2: (10,16,5) 
Queue 3: (47,15,4) 
Queue 4: (43,16,5) 
Queue 5: (39,16,2) 
Time: 17
Waiting clients: (13,18,2) (28,19,5) (6,20,4) (16,21,2) (26,21,4) (34,23,3) (1,24,1) (24,24,1) (49,24,5) (2,26,2) (35,26,2) (32,27,1) (33,27,4) (36,27,4) (38,27,2) (42,27,2) (5,29,3) (44,29,2) (29,32,5) (14,33,2) (40,33,1) (3,35,2) (30,35,1) (46,35,2) (27,36,1) (41,36,6) (37,37,2) (4,38,6) (15,38,3) (45,39,2) 
Queue 1: closed
Queue 2: (10,16,5) 
Queue 3: (47,15,4) 
Queue 4: (43,16,5) 
Queue 5: (39,16,2) 
Time: 18
Waiting clients: (28,19,5) (6,20,4) (16,21,2) (26,21,4) (34,23,3) (1,24,1) (24,24,1) (49,24,5) (2,26,2) (35,26,2) (32,27,1) (33,27,4) (36,27,4) (38,27,2) (42,27,2) (5,29,3) (44,29,2) (29,32,5) (14,33,2) (40,33,1) (3,35,2) (30,35,1) (46,35,2) (27,36,1) (41,36,6) (37,37,2) (4,38,6) (15,38,3) (45,39,2) 
Queue 1: (13,18,2) 
Queue 2: (10,16,3) 
Queue 3: (47,15,2) 
Queue 4: (43,16,3) 
Queue 5: closed
Time: 19
Waiting clients: (6,20,4) (16,21,2) (26,21,4) (34,23,3) (1,24,1) (24,24,1) (49,24,5) (2,26,2) (35,26,2) (32,27,1) (33,27,4) (36,27,4) (38,27,2) (42,27,2) (5,29,3) (44,29,2) (29,32,5) (14,33,2) (40,33,1) (3,35,2) (30,35,1) (46,35,2) (27,36,1) (41,36,6) (37,37,2) (4,38,6) (15,38,3) (45,39,2) 
Queue 1: (13,18,1) 
Queue 2: (10,16,2) 
Queue 3: (47,15,1) 
Queue 4: (43,16,2) 
Queue 5: (28,19,5) 
Time: 20
Waiting clients: (16,21,2) (26,21,4) (34,23,3) (1,24,1) (24,24,1) (49,24,5) (2,26,2) (35,26,2) (32,27,1) (33,27,4) (36,27,4) (38,27,2) (42,27,2) (5,29,3) (44,29,2) (29,32,5) (14,33,2) (40,33,1) (3,35,2) (30,35,1) (46,35,2) (27,36,1) (41,36,6) (37,37,2) (4,38,6) (15,38,3) (45,39,2) 
Queue 1: closed
Queue 2: (10,16,1) 
Queue 3: (6,20,4) 
Queue 4: (43,16,1) 
Queue 5: (28,19,4) 
Time: 21
Waiting clients: (34,23,3) (1,24,1) (24,24,1) (49,24,5) (2,26,2) (35,26,2) (32,27,1) (33,27,4) (36,27,4) (38,27,2) (42,27,2) (5,29,3) (44,29,2) (29,32,5) (14,33,2) (40,33,1) (3,35,2) (30,35,1) (46,35,2) (27,36,1) (41,36,6) (37,37,2) (4,38,6) (15,38,3) (45,39,2) 
Queue 1: (26,21,4) 
Queue 2: (16,21,2) 
Queue 3: (6,20,3) 
Queue 4: closed
Queue 5: (28,19,3) 
Time: 22
Waiting clients: (34,23,3) (1,24,1) (24,24,1) (49,24,5) (2,26,2) (35,26,2) (32,27,1) (33,27,4) (36,27,4) (38,27,2) (42,27,2) (5,29,3) (44,29,2) (29,32,5) (14,33,2) (40,33,1) (3,35,2) (30,35,1) (46,35,2) (27,36,1) (41,36,6) (37,37,2) (4,38,6) (15,38,3) (45,39,2) 
Queue 1: (26,21,3) 
Queue 2: (16,21,1) 
Queue 3: (6,20,2) 
Queue 4: closed
Queue 5: (28,19,2) 
Time: 23
Waiting clients: (1,24,1) (24,24,1) (49,24,5) (2,26,2) (35,26,2) (32,27,1) (33,27,4) (36,27,4) (38,27,2) (42,27,2) (5,29,3) (44,29,2) (29,32,5) (14,33,2) (40,33,1) (3,35,2) (30,35,1) (46,35,2) (27,36,1) (41,36,6) (37,37,2) (4,38,6) (15,38,3) (45,39,2) 
Queue 1: (26,21,2) 
Queue 2: (34,23,3) 
Queue 3: (6,20,1) 
Queue 4: closed
Queue 5: (28,19,1) 
Time: 24
Waiting clients: (2,26,2) (35,26,2) (32,27,1) (33,27,4) (36,27,4) (38,27,2) (42,27,2) (5,29,3) (44,29,2) (29,32,5) (14,33,2) (40,33,1) (3,35,2) (30,35,1) (46,35,2) (27,36,1) (41,36,6) (37,37,2) (4,38,6) (15,38,3) (45,39,2) 
Queue 1: (26,21,1) 
Queue 2: (34,23,2) 
Queue 3: (24,24,1) 
Queue 4: (1,24,1) 
Queue 5: (49,24,5) 
Time: 25
Waiting clients: (2,26,2) (35,26,2) (32,27,1) (33,27,4) (36,27,4) (38,27,2) (42,27,2) (5,29,3) (44,29,2) (29,32,5) (14,33,2) (40,33,1) (3,35,2) (30,35,1) (46,35,2) (27,36,1) (41,36,6) (37,37,2) (4,38,6) (15,38,3) (45,39,2) 
Queue 1: closed
Queue 2: (34,23,1) 
Queue 3: closed
Queue 4: closed
Queue 5: (49,24,4) 
Time: 26
Waiting clients: (32,27,1) (33,27,4) (36,27,4) (38,27,2) (42,27,2) (5,29,3) (44,29,2) (29,32,5) (14,33,2) (40,33,1) (3,35,2) (30,35,1) (46,35,2) (27,36,1) (41,36,6) (37,37,2) (4,38,6) (15,38,3) (45,39,2) 
Queue 1: (35,26,2) 
Queue 2: (2,26,2) 
Queue 3: closed
Queue 4: closed
Queue 5: (49,24,3) 
Time: 27
Waiting clients: (5,29,3) (44,29,2) (29,32,5) (14,33,2) (40,33,1) (3,35,2) (30,35,1) (46,35,2) (27,36,1) (41,36,6) (37,37,2) (4,38,6) (15,38,3) (45,39,2) 
Queue 1: (35,26,1) (42,27,2) 
Queue 2: (2,26,1) (38,27,2) 
Queue 3: (33,27,4) 
Queue 4: (32,27,1) (36,27,4) 
Queue 5: (49,24,2) 
Time: 28
Waiting clients: (5,29,3) (44,29,2) (29,32,5) (14,33,2) (40,33,1) (3,35,2) (30,35,1) (46,35,2) (27,36,1) (41,36,6) (37,37,2) (4,38,6) (15,38,3) (45,39,2) 
Queue 1: (42,27,2) 
Queue 2: (38,27,2) 
Queue 3: (33,27,3) 
Queue 4: (36,27,4) 
Queue 5: (49,24,1) 
Time: 29
Waiting clients: (29,32,5) (14,33,2) (40,33,1) (3,35,2) (30,35,1) (46,35,2) (27,36,1) (41,36,6) (37,37,2) (4,38,6) (15,38,3) (45,39,2) 
Queue 1: (42,27,1) 
Queue 2: (38,27,1) (44,29,2) 
Queue 3: (33,27,2) 
Queue 4: (36,27,3) 
Queue 5: (5,29,3) 
Time: 30
Waiting clients: (29,32,5) (14,33,2) (40,33,1) (3,35,2) (30,35,1) (46,35,2) (27,36,1) (41,36,6) (37,37,2) (4,38,6) (15,38,3) (45,39,2) 
Queue 1: closed
Queue 2: (44,29,2) 
Queue 3: (33,27,1) 
Queue 4: (36,27,2) 
Queue 5: (5,29,2) 
Time: 31
Waiting clients: (29,32,5) (14,33,2) (40,33,1) (3,35,2) (30,35,1) (46,35,2) (27,36,1) (41,36,6) (37,37,2) (4,38,6) (15,38,3) (45,39,2) 
Queue 1: closed
Queue 2: (44,29,1) 
Queue 3: closed
Queue 4: (36,27,1) 
Queue 5: (5,29,1) 
Time: 32
Waiting clients: (14,33,2) (40,33,1) (3,35,2) (30,35,1) (46,35,2) (27,36,1) (41,36,6) (37,37,2) (4,38,6) (15,38,3) (45,39,2) 
Queue 1: closed
Queue 2: closed
Queue 3: (29,32,5) 
Queue 4: (36,27,1) 
Queue 5: (5,29,1) 
Time: 33
Waiting clients: (3,35,2) (30,35,1) (46,35,2) (27,36,1) (41,36,6) (37,37,2) (4,38,6) (15,38,3) (45,39,2) 
Queue 1: (14,33,2) 
Queue 2: closed
Queue 3: (29,32,4) 
Queue 4: closed
Queue 5: (40,33,1) 
Time: 34
Waiting clients: (3,35,2) (30,35,1) (46,35,2) (27,36,1) (41,36,6) (37,37,2) (4,38,6) (15,38,3) (45,39,2) 
Queue 1: (14,33,1) 
Queue 2: closed
Queue 3: (29,32,3) 
Queue 4: closed
Queue 5: closed
Time: 35
Waiting clients: (27,36,1) (41,36,6) (37,37,2) (4,38,6) (15,38,3) (45,39,2) 
Queue 1: (46,35,2) 
Queue 2: (30,35,1) 
Queue 3: (29,32,2) 
Queue 4: (3,35,2) 
Queue 5: closed
Time: 36
Waiting clients: (37,37,2) (4,38,6) (15,38,3) (45,39,2) 
Queue 1: (46,35,1) 
Queue 2: closed
Queue 3: (29,32,1) (41,36,6) 
Queue 4: (3,35,1) 
Queue 5: (27,36,1) 
Time: 37
Waiting clients: (4,38,6) (15,38,3) (45,39,2) 
Queue 1: closed
Queue 2: closed
Queue 3: (41,36,6) 
Queue 4: (37,37,2) 
Queue 5: closed
Time: 38
Waiting clients: (45,39,2) 
Queue 1: (15,38,3) 
Queue 2: (4,38,6) 
Queue 3: (41,36,5) 
Queue 4: (37,37,1) 
Queue 5: closed
Time: 39
Waiting clients: 
Queue 1: (15,38,2) 
Queue 2: (4,38,5) 
Queue 3: (41,36,4) 
Queue 4: closed
Queue 5: (45,39,2) 
Time: 40
Waiting clients: 
Queue 1: (15,38,1) 
Queue 2: (4,38,4) 
Queue 3: (41,36,3) 
Queue 4: closed
Queue 5: (45,39,1) 
Time: 41
Waiting clients: 
Queue 1: closed
Queue 2: (4,38,3) 
Queue 3: (41,36,2) 
Queue 4: closed
Queue 5: closed
Time: 42
Waiting clients: 
Queue 1: closed
Queue 2: (4,38,3) 
Queue 3: (41,36,2) 
Queue 4: closed
Queue 5: closed
Time: 43
Waiting clients: 
Queue 1: closed
Queue 2: (4,38,1) 
Queue 3: closed
Queue 4: closed
Queue 5: closed
Time: 44
Waiting clients: 
Queue 1: closed
Queue 2: closed
Queue 3: closed
Queue 4: closed
Queue 5: closed
